10000
-87
147
-77
-837
524
-199
-649
567
517
185
-919
-716
217
-748
549
-690
-167
-485
-771
-922
-236
814
791
-400
-359
258
-353
-504
-850
-235
324
156
629
947
-871
527
-727
-274
529
-166
13
510
-433
408
-653
-804
-381
104
-255
-959
352
-181
-552
-951
199
474
960
526
473
-479
-219
37
446
952
637
545
-226
-167
-796
41
28
-73
110
-203
11
917
235
379
529
-692
-858
58
-262
55
-115
442
164
-754
12
462
260
941
323
240
-409
-290
-101
-196
-547
-205
-742
872
692
-111
-99
-265
-628
-422
-937
755
-229
623
840
881
-232
660
264
961
95
198
-765
661
-276
-40
-715
682
215
-567
265
590
-399
861
-714
746
367
582
849
-452
720
-310
957
206
-609
969
1000
673
-336
-330
641
-316
-214
-330
-506
121
740
7
-674
-303
-668
-180
141
26
-124
810
-912
373
436
-652
-462
-888
302
914
-270
-452
-387
-597
961
-842
-765
-872
-715
615
-483
833
-282
228
-537
-995
599
559
959
961
-497
-16
392
609
-432
-804
496
-950
418
231
713
398
131
-946
590
-571
147
36
210
-531
971
-205
-531
-404
243
516
-835
362
-989
793
-122
-689
-696
-417
-883
-671
916
-128
-626
567
812
563
-488
311
-273
-593
692
28
473
91
5
-130
-929
278
-990
-166
226
266
-711
-197
494
-130
729
-332
907
-530
-898
-576
-819
817
306
369
211
-380
771
964
-91
-151
297
-2
-938
-271
775
-650
538
171
328
-955
-293
554
620
-122
480
677
306
174
761
440
152
-818
-628
585
603
43
612
-900
-388
-165
502
653
-51
-657
-572
-317
258
155
732
-381
647
-994
963
215
-880
676
-886
671
833
-603
989
-281
-774
-698
-428
-278
402
-353
942
548
-763
-484
74
-908
946
345
-580
-372
-646
786
-335
-144
300
-240
-102
12
-554
-815
631
746
-901
645
419
-493
-531
145
-806
831
-874
786
446
-863
-715
-454
913
-785
947
-301
-543
-449
-568
-112
673
250
-161
-641
747
-807
800
-359
873
-530
422
-285
-193
-363
-775
-798
-114
934
229
216
458
741
566
794
-618
437
-650
-261
216
-779
-993
-713
89
-824
-622
885
-104
-132
517
-359
-144
593
-712
-207
-455
-458
436
157
402
951
-451
748
-608
-625
-664
-83
697
678
-419
115
-905
-703
-809
170
-394
20
-610
-425
904
626
545
820
-421
915
-106
214
501
222
-555
995
557
-257
910
-545
-448
348
-414
383
486
-168
-770
338
671
801
-216
387
855
642
38
-123
-198
623
-435
-319
878
485
-531
726
747
-372
876
-869
-73
504
-296
17
-322
-753
-519
298
434
-538
194
673
439
956
933
-243
-674
352
57
828
-389
-345
-321
557
614
-562
-224
42
374
-925
-539
-893
-997
72
-926
-42
465
997
-253
340
-9
485
628
112
580
782
796
398
581
816
-755
-864
520
-466
-749
962
-264
-256
749
430
481
247
28
131
331
262
561
356
-637
-26
694
-15
399
-432
-347
-330
830
535
223
993
-311
641
-602
-312
411
-368
-892
794
-324
-482
-954
269
282
358
494
-103
474
270
-937
-447
303
-228
-638
769
158
455
-37
-670
-894
41
-268
-700
939
717
901
988
337
-805
592
894
661
-945
-486
-63
562
-661
-594
541
493
308
180
565
-701
215
746
-11
-585
-610
26
-233
637
-721
-880
33
-854
-197
248
299
-770
-238
-171
397
392
228
995
-148
-615
-308
903
-413
268
86
-759
432
-240
465
-625
129
346
672
510
-716
623
-161
-746
323
448
-373
-861
-231
-72
884
860
170
-411
-336
-221
-913
-527
-635
-739
6
-773
-697
852
830
-534
167
614
-547
62
-566
168
-484
-915
-316
-353
233
-388
355
-155
382
406
-82
373
481
735
356
485
-371
-247
915
-295
897
-516
-552
259
-273
-126
-640
308
-296
317
439
-686
-331
-249
-233
-273
-148
116
642
-286
845
928
660
-74
883
-930
-63
-191
-745
114
-655
270
228
-827
283
-260
443
19
236
500
164
-484
346
-934
-659
-556
-863
361
96
-503
763
922
956
-168
-126
-121
-944
488
845
696
-726
758
384
900
-239
756
-944
101
886
-96
269
363
-701
-41
979
-928
520
826
-246
-550
-43
-539
816
-851
710
963
-995
-848
-64
-753
269
-379
-273
548
-800
854
-946
118
-12
-338
-411
-231
278
719
-658
878
735
-882
-165
526
-742
-214
750
-605
882
338
393
231
-88
869
507
-882
-566
-11
325
13
-71
-810
-325
-197
-337
831
297
58
-736
-348
380
-920
-373
430
-739
-183
-137
-94
969
-723
732
676
-261
-487
526
-257
-860
-996
416
-277
707
797
788
477
296
701
491
361
476
-537
-391
108
-246
-45
400
639
-215
-810
-419
-530
-399
-839
-267
586
-516
221
-95
87
115
590
-475
690
701
-312
509
-855
-585
-994
-537
483
-234
205
-521
981
-412
976
590
52
135
750
6
612
-108
-870
537
-37
-981
-215
585
390
362
342
417
397
418
866
-415
641
117
472
310
896
-667
140
193
-418
-963
-409
595
876
-704
-580
-501
-675
972
35
338
-506
919
679
909
623
659
-432
770
-129
-498
-428
-547
164
709
962
719
350
677
-53
-728
413
452
146
-483
-121
-478
-984
887
586
489
-550
-462
958
295
-272
113
-519
-425
115
-911
744
-296
310
-436
-121
381
-445
-119
-373
-922
892
-330
571
-296
734
-831
303
423
-119
564
-319
868
-501
-384
964
-549
55
634
625
-754
372
-366
-10
-375
-626
5
554
-128
687
-575
672
609
475
707
271
907
-496
443
579
-207
324
-608
398
-870
999
-20
-213
452
-424
584
737
433
-682
-406
-47
906
-287
728
-277
-929
42
-320
-696
717
195
-743
956
476
-496
-76
-418
-672
472
771
-311
-660
-725
-863
943
-143
199
-843
133
-791
562
597
962
635
836
-226
136
-305
-627
900
899
-563
672
-414
-649
-423
-933
790
-787
-873
812
320
-172
842
-223
877
321
209
596
-540
-991
556
-22
-481
576
936
-527
35
928
919
-49
-284
956
608
-860
256
-932
-745
-69
8
-830
-888
-210
-278
281
-539
921
-45
-251
-900
372
954
135
442
592
611
-177
-406
-694
-636
-68
318
-551
26
-432
-529
32
-296
-374
385
-534
-818
-330
529
971
403
-247
-432
747
20
861
669
-333
978
340
549
-888
-78
-159
164
-133
46
-513
774
-279
378
684
-21
523
-737
-666
-439
252
769
-68
64
234
-148
-68
-235
-108
850
425
146
277
332
198
-691
83
-367
72
-848
341
-938
532
-971
-733
-547
-844
-4
552
-231
283
528
-724
191
655
521
-492
670
416
201
-861
218
-245
572
726
-480
687
-765
-241
945
366
513
-745
-266
-567
-264
-875
-903
-215
-652
-665
463
-163
886
160
310
-198
-731
-989
119
275
676
258
-540
-119
237
-704
-424
438
127
-156
191
294
162
-546
-363
215
908
673
-909
28
-648
-538
-522
233
721
997
-157
32
-615
306
287
-458
805
262
-76
99
69
-358
-298
-826
-559
556
-672
-393
445
597
677
786
676
-932
-7
-19
-680
71
-678
-123
565
-904
-310
240
-395
647
970
10
-464
-814
-277
-199
-858
608
585
785
-841
314
120
122
933
-715
-633
155
547
-519
-875
-638
742
431
-155
51
607
-271
-777
-329
-942
-332
-805
-588
558
337
-890
331
834
-673
259
-312
53
214
904
-420
-672
813
894
690
-164
-861
527
-233
119
550
-310
421
710
-124
-607
-912
931
-753
703
-101
592
-118
-268
8
544
831
-788
251
72
-584
-734
-12
877
81
-141
-88
-517
-79
-694
74
-783
-586
84
229
568
406
12
710
697
825
586
464
389
-561
82
-96
-337
378
-872
574
405
205
897
22
-877
-241
556
-467
-726
894
-209
503
687
-896
-945
872
-334
-598
87
665
-253
-77
-946
987
568
-984
-584
-782
27
638
-671
89
-302
461
-53
-866
84
-178
839
-467
-165
450
922
418
-113
-211
-410
-180
-3
49
-767
885
-858
892
-878
631
-880
-830
-47
-936
-466
305
-210
-14
-447
836
-195
739
614
-726
568
607
621
-778
-587
105
-680
-605
-571
-809
307
-570
224
-633
-516
413
741
-90
-111
-281
-51
-832
-888
-679
809
13
191
614
-975
93
-259
462
-50
-489
-345
-905
602
-160
-382
359
990
475
-662
144
890
660
-932
363
16
-815
-873
129
-794
-4
-791
15
550
858
978
409
-510
570
-525
-735
108
352
-2
133
826
401
-738
-546
967
-607
253
-22
557
-930
-762
-391
178
-617
-842
575
-960
-468
249
-299
-228
163
-825
-260
-775
-886
-965
373
-15
-39
154
83
-948
-239
215
-777
-584
-289
356
-830
-35
949
-892
336
-656
420
-567
-647
505
941
-2
-122
-525
-59
794
338
104
131
-497
122
885
-236
-249
-931
-787
978
404
305
843
-859
-43
-71
248
-68
-990
535
-250
-294
-98
220
560
959
264
-310
-330
-315
-359
358
-772
-521
545
-972
309
356
-317
-435
779
493
363
619
-743
118
106
-46
893
336
272
206
-46
-596
-661
-348
-85
-276
197
-776
783
886
-164
-420
-537
-895
-323
-382
-944
-291
-3
-758
183
-812
-602
-127
-509
-857
-32
-400
433
-771
-746
-570
-44
903
-546
846
-817
-308
-17
-153
858
726
-346
-127
205
607
980
412
395
690
-865
-356
486
-841
-906
480
693
843
-951
-110
-201
40
-618
-866
-999
-466
606
-213
127
-1000
-483
-381
-949
-95
-328
850
860
587
821
-276
-375
379
-136
-328
-738
869
602
-675
-550
-594
348
882
-747
214
876
168
113
-570
-944
-96
-789
-843
-505
-172
992
-372
209
-537
452
-374
-579
-559
-126
112
-288
752
324
-971
-408
-89
267
57
-439
-943
613
-579
699
829
-616
-803
-216
-644
-283
623
389
322
241
383
317
846
-534
606
567
-871
501
390
-996
-53
-458
900
549
-975
-440
-904
-784
291
-8
291
403
983
331
-256
-171
646
-276
-83
-791
-879
435
915
818
-985
-16
-775
472
-573
736
-678
-897
-334
85
41
-907
-647
-441
99
583
-181
744
-820
474
-498
360
-719
-64
-671
-869
355
-155
-680
71
-113
-967
211
358
-719
614
758
-36
967
-165
758
-504
-156
-469
179
-238
-75
98
-770
-218
-412
607
557
778
433
-777
71
-278
334
-498
99
710
959
136
-79
-239
-755
544
-491
601
865
-833
-908
949
-164
746
-104
-648
-289
113
-153
-900
190
643
-806
-917
-55
-112
-874
630
377
-316
-421
207
-52
-270
68
-538
-428
-158
107
-73
-680
202
-445
-320
-830
41
-516
-723
-518
-186
-45
465
-716
-997
289
-866
-414
-881
123
660
-644
-32
-255
-497
437
-390
-86
-935
263
-705
-277
656
-748
-854
-737
726
-538
-734
-663
819
236
-391
-607
-921
-598
351
-85
739
280
-167
-520
-800
-686
368
136
-588
-857
444
197
713
-659
75
249
-463
-178
-309
358
682
-319
-670
-536
-707
-80
-842
-737
-541
365
297
902
-918
-413
186
314
310
841
-349
403
681
528
836
417
-416
928
971
-69
122
-929
421
-902
33
694
486
-562
905
661
741
-511
655
-188
-607
543
-606
-232
-627
-957
-274
-494
-750
785
-401
607
312
-661
-91
803
-885
382
308
267
-858
306
110
-827
388
187
728
218
836
75
-891
-861
214
-129
-970
204
727
909
-418
-240
-544
-815
371
329
-439
140
-419
-341
106
-552
-847
-588
288
247
-273
464
765
-202
568
914
-832
-410
624
-313
-213
568
-581
-739
685
-959
776
-398
426
910
-396
-788
-576
-808
387
726
777
673
-678
-900
-790
497
-125
-249
-724
981
-189
271
953
219
159
-911
-76
512
80
65
-207
-813
-424
-439
7
101
465
-764
-80
613
-877
-436
229
646
-479
47
22
347
513
-34
-273
604
-863
-175
281
-923
286
833
391
-160
-279
-745
-910
-217
-382
882
-929
911
333
163
-178
-736
-753
662
-393
-492
-334
-352
-702
71
309
639
-796
-964
-103
-868
399
-536
587
-19
70
-885
661
-517
763
675
350
272
-815
-199
-411
-113
381
263
512
85
750
992
-625
-159
52
-80
-695
-572
-604
-187
-137
-246
-227
718
-719
665
549
830
213
-350
-240
-730
873
222
288
647
733
-361
400
-905
-685
399
432
-892
-678
-511
490
-3
-923
-832
999
-368
319
-599
892
-847
942
-91
-568
314
800
779
-266
236
485
568
-988
951
-838
486
495
-65
-158
100
-265
-316
-366
-667
-701
-445
-421
-771
35
-88
889
143
-925
-602
-97
-188
-756
-36
-220
-130
874
-253
-203
-79
318
-451
-196
-860
-644
-76
-620
812
960
-842
268
-914
-505
563
-967
520
715
-405
-763
-680
871
125
816
-529
-274
-750
866
-967
797
-819
916
633
245
-5
700
893
383
899
-616
-335
844
341
511
-878
-677
-969
-238
645
-174
152
510
-999
392
598
160
-827
350
-789
170
236
344
396
-558
-319
-573
-296
-439
-103
-905
681
563
-83
146
92
335
-934
-23
-173
812
957
-465
-756
-867
159
-542
250
594
-861
287
-194
944
993
-942
512
948
-320
814
-721
578
843
164
598
-910
456
-324
55
-819
-572
139
32
-56
-7
-330
-99
612
992
-712
-512
-853
-246
-417
-750
580
-673
-352
314
718
-798
-284
538
697
571
-310
-355
-883
251
-404
598
725
-849
-543
-836
27
-365
-169
845
210
650
-993
-767
986
-601
403
-834
565
389
-141
482
706
-70
766
591
-495
708
-728
-801
-434
-169
-964
538
-466
-122
-158
166
-513
847
-249
-106
564
-501
-825
-511
-432
-316
-191
666
991
-464
0
546
90
900
-666
-104
-665
-882
-316
597
552
787
-32
55
63
-573
-923
-933
237
-907
-162
680
486
-979
861
-940
-460
719
-215
324
888
-149
286
194
-673
902
127
-755
-402
-397
-857
458
91
-513
457
-149
-351
-653
-681
96
604
221
316
-417
238
-153
-339
226
160
-150
-300
792
-903
726
515
-824
-682
-402
-417
-237
503
581
-924
768
595
669
-343
465
-640
274
-170
-25
867
-859
81
401
-443
-515
193
859
414
268
-77
-96
-642
-732
897
803
-652
-618
-40
86
145
-452
-800
-816
924
785
710
-28
-234
903
703
-31
244
26
33
41
-360
11
-845
-647
470
-58
-235
-605
-759
176
524
189
763
-918
301
388
300
549
454
-790
-709
-232
-993
617
18
673
-179
-163
-134
-885
710
-986
-306
575
378
399
603
-346
-906
-677
-41
-857
-922
-571
-686
362
-195
-946
-978
-136
145
-235
-611
-481
-457
586
862
-487
-404
535
584
-178
746
-687
-564
815
-669
515
6
-335
-374
-988
79
312
-513
-386
641
-555
-319
-364
959
750
709
-991
546
41
948
-403
101
112
737
-484
-303
581
-594
-134
264
-491
-449
388
-693
336
-705
455
230
-371
615
568
-879
194
-152
323
144
932
-889
-147
195
-470
-129
192
-257
-766
-557
930
-205
169
749
-236
56
745
-702
-162
968
-201
707
22
-837
-837
-371
-633
927
277
946
6
694
-905
-249
231
578
809
-526
-8
-491
364
908
264
-665
-522
-830
345
486
-350
487
-878
730
335
-828
294
-746
836
-759
-500
-386
614
-158
731
-928
479
-887
41
638
555
784
-854
-769
-398
278
896
-254
-945
-896
639
844
-814
60
-877
990
-988
-760
352
603
-143
-981
-553
-896
898
-560
104
759
475
445
-481
-30
766
-704
951
309
836
327
-378
-546
737
167
189
-987
131
802
217
380
-994
-627
605
-166
-326
170
369
-391
748
-674
170
-513
-113
401
859
-716
721
-606
-537
-157
433
362
356
-48
254
-359
-221
-647
724
-728
413
272
516
640
-622
-191
-184
-239
-660
-457
-396
-370
-699
479
-194
1000
-507
770
490
849
-562
336
-627
-561
-366
-618
698
543
-66
381
296
901
-137
783
-632
654
-956
408
260
989
-202
-785
575
-451
928
-634
784
-958
-614
545
248
-792
756
-656
-352
-399
-166
-395
433
-523
522
-892
868
361
-206
-988
-495
-636
194
-958
981
118
-292
-144
-645
675
959
-466
620
869
323
627
957
723
130
65
-814
-916
961
746
687
912
579
356
707
393
-490
404
-106
-46
562
-502
-793
-691
558
-767
576
-104
-242
-293
-446
822
-488
205
-84
194
988
926
995
84
-901
-83
-218
-817
-797
-361
529
733
470
892
731
868
-578
565
-589
597
892
-210
-153
-119
-252
745
800
331
-676
-258
505
563
-100
-783
-439
-341
871
63
-133
-967
593
-301
949
781
-601
-344
-770
218
-979
223
-225
277
-426
-127
698
447
758
578
668
-195
671
-87
801
96
-441
-177
-137
-641
288
-508
-720
-393
206
227
-315
-32
684
-103
344
-443
254
105
-966
889
210
376
225
-579
-589
504
564
-324
-552
152
43
828
-34
-133
322
-316
480
-163
258
-76
-314
973
614
742
484
-805
-352
-176
713
0
-277
-123
157
530
937
143
-511
972
995
549
213
105
-202
-718
-599
850
770
808
-95
-8
-535
79
171
531
944
234
788
675
486
598
-26
431
-646
573
108
-210
121
-35
-421
-345
92
-771
862
-433
-631
177
-31
130
-123
-495
-214
-790
140
462
-194
-162
-932
324
-14
603
-896
953
-140
83
-959
-984
-766
825
866
355
454
621
268
-974
899
-147
549
570
426
-766
809
-896
935
228
-155
-698
506
664
-453
-342
172
-182
-391
-424
652
-31
-231
-959
989
-125
96
527
862
-443
302
254
917
-40
-29
824
-965
-156
-529
-533
-844
-734
-502
-393
924
-158
-476
983
-673
60
822
3
421
549
921
499
781
-817
-552
-439
-168
149
-462
-606
-704
-42
-519
-442
159
-584
860
226
-52
-491
-594
619
-61
140
819
-443
-779
319
-1
605
544
-977
396
322
754
-865
-539
878
-491
399
-144
-991
411
155
842
686
111
784
348
-103
965
-755
747
-239
-856
917
589
523
-7
-755
-908
312
-150
360
-738
-304
192
141
-532
-922
-770
902
551
-136
784
-118
-554
-572
578
-633
162
-542
-226
-417
-443
-669
240
-132
189
429
-15
-60
377
-400
362
483
459
-994
957
430
-493
-235
513
-34
-796
-174
666
653
-631
-227
2
-572
-749
-68
-138
-232
613
256
647
-909
-830
-334
-549
-203
-91
-655
-490
-370
-594
650
-164
-343
-551
-9
-807
-316
406
967
481
821
-27
764
43
554
71
-331
-650
-495
586
779
-225
-96
565
-253
-801
-260
-364
463
-826
-431
-551
985
21
-70
-74
-835
-696
415
-821
403
-828
-307
885
-999
337
208
-35
483
216
-955
893
-17
-9
297
-636
472
676
404
393
-354
973
551
-385
250
677
164
875
237
85
-333
593
-72
335
53
-644
898
-983
-966
426
273
605
-318
665
316
-305
487
-19
-132
575
618
165
900
-373
318
897
883
-16
-826
-843
-632
-764
-955
128
-880
-770
-956
-809
617
722
499
511
965
395
-745
-319
531
-721
33
331
-774
990
157
-725
105
-487
-712
-611
-564
-458
300
-380
-831
-768
-420
-756
989
-431
-926
990
402
-94
617
715
-21
929
-575
-449
809
-484
-579
-281
478
411
853
-514
79
846
-405
-16
626
503
-252
299
-279
170
699
-168
31
-636
817
-121
-18
-411
-490
563
872
93
271
-467
-201
232
-358
860
-374
841
417
-870
-46
-861
-538
-682
865
-291
-126
-862
372
-920
-176
-366
813
-421
-619
-502
-875
-851
-648
-896
751
92
-234
-453
-381
-835
-640
999
471
357
422
-936
354
-493
-29
678
794
-878
923
52
592
870
-613
-387
-800
-715
729
141
-480
387
690
-548
689
926
-791
812
25
778
-697
-274
330
638
400
785
114
-457
-315
288
-613
-157
-781
54
-589
-105
-803
-276
302
64
-742
842
-299
-121
354
-136
-293
-486
498
-545
-78
-296
443
725
146
-533
253
815
766
950
519
461
-569
-588
-786
897
-296
879
-474
-811
381
-548
-599
-521
636
-981
507
41
-303
-635
-907
-658
146
758
-808
-263
650
-816
-97
697
-415
875
5
397
73
-413
657
985
-343
812
-68
-960
-187
306
-157
-469
68
-586
-749
725
-215
58
-273
-972
-691
-612
453
-363
-449
290
-380
633
-283
985
-797
-876
-888
-763
974
-419
-425
-983
-714
205
-98
875
-811
335
135
-693
-328
570
-847
280
-468
-623
172
-580
-124
-641
-611
-197
824
-782
-320
664
237
374
-520
-474
-338
-807
272
-534
170
328
-616
313
674
806
-202
730
-853
-98
-694
580
791
405
-704
676
-179
-619
-182
85
434
-343
563
458
-479
704
-904
80
780
508
865
-731
-6
176
726
41
-427
-840
-487
53
870
-394
902
-632
68
214
67
-47
-922
-223
-330
111
517
530
-520
-592
-662
361
202
203
-975
990
423
-724
-431
640
463
851
-759
-172
-991
514
-81
-915
-254
-895
230
-699
-385
-515
8
-999
217
-355
361
74
-5
-726
33
-314
-274
-588
850
-429
-301
826
-391
-205
597
253
672
717
-422
-198
935
-460
869
-570
-337
-236
164
537
-20
527
84
-80
126
-532
719
330
-221
-967
-229
-143
997
612
-700
915
-765
-307
-65
60
692
584
772
-466
-820
-232
244
360
485
-805
-398
262
-317
-274
550
670
847
499
-831
938
-837
-303
915
300
758
435
-370
911
-169
63
943
-886
377
827
441
-128
-453
-227
145
-536
132
502
500
668
-421
504
251
976
732
-479
-50
-284
774
-555
-107
250
-242
-265
-272
-963
-511
-491
-704
146
920
-144
-973
566
931
-447
398
-564
772
-356
739
497
243
-430
444
800
905
347
-780
601
-460
709
999
720
-106
750
-785
474
259
-154
-328
611
157
391
-293
302
35
298
872
805
943
951
266
-468
661
705
643
-201
-133
-216
-124
364
312
-301
-472
-247
223
840
-776
-352
196
387
588
30
-537
788
478
-548
913
264
-227
-412
584
941
393
461
-409
-91
370
424
783
855
614
-827
-242
-259
471
-765
-722
-410
208
258
-839
-67
-955
344
42
727
736
-336
-205
-28
-433
-952
-756
454
-851
-673
-595
-922
38
-674
979
-534
98
-996
-663
-423
622
712
930
5
-795
353
-300
-286
852
-713
-46
-624
-316
-322
72
137
-722
-744
420
-226
-324
-955
795
-518
161
204
828
199
460
-836
-497
28
20
-916
337
-825
449
-850
781
-37
-798
-882
119
220
764
188
301
293
118
-640
24
-303
805
-539
-30
-434
-330
-185
263
-22
95
-811
7
-358
-245
-470
214
-364
171
611
-854
-687
888
810
321
842
146
482
617
455
-36
721
179
492
-299
-115
-561
589
-343
-735
-39
-168
-703
933
963
814
-353
-442
-644
-510
-551
-288
741
643
-391
339
54
-729
122
551
-706
-7
-264
892
-577
-181
-945
-51
-745
199
-7
-12
-648
-883
158
38
854
-666
155
422
733
650
-690
-603
844
82
130
968
682
-3
-370
-640
-263
914
-865
378
883
-29
-540
343
-737
-283
723
-561
-459
409
-171
-122
641
131
-792
360
-353
650
77
89
-294
140
-503
-160
-74
-162
261
-874
-131
-668
280
-620
-318
552
98
82
-731
349
-995
538
982
-335
94
641
-940
118
-797
-273
520
93
-885
128
-500
-451
-763
903
264
533
-982
139
11
-199
142
932
-187
-824
-36
824
-662
753
314
41
229
942
-148
779
-858
295
535
-7
482
591
393
411
-55
-853
-675
-549
354
-214
641
-975
-715
-791
250
15
-928
775
363
990
-270
-808
-187
518
612
338
-35
916
-394
-800
-168
239
114
-648
483
-599
-798
781
322
9
274
-814
635
863
102
631
-171
438
202
-357
-811
-859
-578
396
-969
-929
-659
-122
153
-239
-1
23
-658
829
411
732
60
-283
958
74
-385
-978
-316
-700
-810
815
-945
121
886
671
116
-33
317
174
-964
-191
148
-755
864
281
-581
678
586
640
-550
-482
-978
-531
-129
-708
-856
119
402
800
576
-642
-710
277
368
-916
-316
-644
-322
610
762
-174
671
742
-190
351
-526
-513
720
637
-519
-215
66
300
-291
-913
-442
-994
152
-201
93
318
476
873
769
669
-287
-476
-80
-205
-954
-94
-348
527
481
124
933
255
615
20
-586
96
50
-446
97
649
111
303
-382
392
218
148
265
874
22
595
994
-92
-897
223
156
606
-674
-485
235
378
399
-709
382
25
25
-694
954
601
-729
336
-49
-98
936
-366
219
-537
889
-876
74
150
266
-442
261
461
-392
918
-277
503
-841
44
188
-77
-999
-732
-236
447
-954
-588
30
-592
-994
-420
740
796
611
-513
-603
9
-722
810
471
941
627
-519
-852
966
64
-141
303
753
-339
-700
-848
344
-32
810
489
-839
306
34
699
-363
636
11
774
764
489
-247
853
-572
851
-740
-736
-834
745
914
849
150
-857
-29
-193
174
170
-372
-819
-675
-845
376
95
-112
408
-851
-646
-113
-845
-955
-53
-771
-624
155
-149
553
-233
-855
153
-294
364
-766
-816
-255
140
985
413
-302
997
628
896
823
-214
-896
880
-33
-755
789
-809
-676
-516
-222
543
279
256
27
-336
-496
-310
-777
-452
-457
-359
815
187
654
712
-803
182
95
426
-455
58
111
-390
-206
512
7
893
607
-785
93
532
-797
208
790
-787
-997
-586
-456
877
392
-619
-170
-686
-729
626
-582
80
-682
-17
139
-973
-840
960
-977
-722
3
670
576
610
209
124
199
-319
-595
-141
-319
-668
76
846
409
659
-635
405
-480
-135
-204
-393
402
132
141
51
-194
413
-164
382
-267
-138
474
270
-369
-582
733
187
-227
-22
-583
248
-899
-761
671
-537
128
-914
542
756
-512
-273
-500
-204
96
719
85
-629
-824
-57
911
59
123
364
230
-508
-391
-994
-638
-864
299
-589
-244
838
533
-682
184
-493
411
231
900
-525
94
-51
-714
-413
11
-461
988
-771
783
59
430
343
-313
775
719
95
184
890
333
166
-527
564
51
-666
638
-137
572
384
30
162
454
278
432
960
-484
-866
-623
423
57
-488
923
-800
993
170
676
-750
-746
263
90
-697
21
986
814
-614
-379
-86
-831
-203
991
717
489
503
-697
811
645
-294
575
-273
783
93
-950
508
29
455
367
-292
774
487
112
24
-943
-388
449
697
205
494
-801
219
613
-833
138
-488
451
-880
-860
-529
-199
-447
784
-46
-520
-185
303
600
-438
-842
436
752
995
-363
733
-816
431
-69
-716
518
-181
-407
625
938
-88
-331
406
-45
-169
-863
191
347
-572
160
-277
818
-556
-591
-942
431
126
479
-413
938
18
385
-420
557
779
198
941
786
-189
-786
7
-998
-323
-247
-358
-426
785
-771
-107
641
-461
-565
-13
94
827
788
-900
410
-99
-237
841
61
903
-434
791
934
131
68
-186
-693
-856
108
530
-460
766
-216
-951
-585
297
314
-173
762
117
-698
29
-293
798
646
-948
-514
783
-957
541
-449
211
106
648
74
198
898
175
-843
-38
29
584
765
-470
-152
-974
623
-777
-73
649
306
-367
869
735
-595
625
-815
-296
-513
813
-833
-601
128
770
-335
767
-384
464
86
-785
319
-851
194
657
-831
338
369
210
-85
975
-89
525
-364
-308
-322
895
-571
508
217
-230
545
609
-269
-377
-51
-460
-240
-119
-140
141
-682
-979
-757
-827
-166
-355
-579
485
-915
-700
423
86
-647
706
-893
-962
789
-50
-543
-277
813
-837
584
-861
-35
-532
474
949
-726
-212
-734
-905
-677
-621
962
-721
854
431
161
319
915
636
841
-390
578
770
135
-268
194
397
-1
486
-355
-832
-987
978
-782
-615
198
279
106
993
-372
961
34
-469
477
-755
-246
-838
644
100
-675
151
882
614
-756
819
-757
-625
881
107
701
46
202
-283
-852
-177
476
383
383
-462
-275
217
101
969
-49
566
960
-751
692
22
500
342
271
-871
-899
-265
345
312
796
379
-598
813
760
-920
264
586
170
115
353
-610
625
-695
-910
114
-299
740
644
-398
901
260
-171
-792
531
-521
778
-162
22
649
-322
-744
-588
349
40
319
-535
-311
-944
-748
-329
434
858
-123
868
-461
-846
478
187
-180
-418
-152
681
249
782
-747
387
648
499
-998
-206
423
-578
494
-852
-46
-433
440
-435
206
-226
53
805
217
645
-957
-764
-515
-820
359
901
-936
906
268
-893
-251
893
-429
709
556
-868
500
-858
802
-260
380
-716
910
474
521
577
338
118
-902
-338
30
669
-305
752
-867
566
-428
-595
-218
-343
989
122
669
-542
172
736
819
-788
332
557
-973
-709
838
-514
-739
-156
21
577
174
863
25
902
-999
-941
-641
-21
-473
-39
-295
-788
182
393
-694
-292
-106
311
-463
234
895
-108
190
-45
-411
-364
-769
672
-709
-278
778
756
684
759
-656
-412
-787
-842
-245
832
800
809
-678
-790
-157
-560
-764
55
-617
-921
-324
462
264
943
-849
775
168
-104
-31
-339
175
964
-862
-500
-764
511
-774
-910
-224
-504
-755
806
104
-124
-528
-134
-631
-880
28
374
-297
988
7
970
-376
581
470
503
-875
819
824
-709
814
482
-418
65
-900
-688
-473
601
74
654
-626
888
673
-661
150
-346
-421
82
-790
694
752
684
-58
-198
-463
421
-357
-957
-160
-854
-907
920
-793
-891
182
25
-52
619
-579
234
-444
54
654
285
674
-926
-602
539
142
-723
-999
-449
-694
-307
626
-957
-523
-37
940
681
381
157
401
12
-125
-542
461
245
-693
850
10
-81
-358
775
956
-125
-941
310
6
951
-30
-2
-89
-467
-735
297
-332
521
-723
471
-86
-585
-415
400
-65
-654
67
152
529
-686
182
515
-490
-678
883
824
609
-393
-981
-653
339
328
-227
-796
272
350
965
-967
338
-162
790
463
-546
-660
799
484
-925
268
-521
-565
-730
580
-971
-962
955
855
554
-715
-592
39
967
334
578
-696
-141
505
-440
574
918
215
150
999
989
110
-105
703
-773
-649
-366
-605
-138
875
521
682
267
-454
714
861
540
-516
-686
149
95
-913
-632
518
-12
120
402
-302
294
759
251
-821
426
-254
487
-817
-419
-50
-190
242
-742
250
558
969
-340
-468
-657
-729
-167
884
571
-571
-683
854
-638
380
3
261
518
796
383
574
190
606
469
737
-639
-866
-706
-617
748
-680
-267
716
-93
-151
-457
-598
796
-275
-98
732
488
546
436
418
-944
844
-700
852
-8
-428
-377
-248
-94
-73
-803
-980
820
-961
861
206
668
782
511
310
-948
-18
304
499
-739
435
-608
289
-655
-120
-292
-374
-259
-810
-154
-814
669
-723
-3
89
-38
679
-497
-177
160
-514
-482
-862
419
-930
783
-233
-45
-836
136
251
550
-470
751
100
849
573
-752
419
-265
-998
242
241
-816
-488
-306
964
126
-461
71
236
669
519
-437
-982
276
757
684
240
-9
647
812
-956
-841
388
-173
-398
640
-812
335
268
799
-801
266
-833
-811
999
995
-424
949
-638
786
-44
-711
-788
-901
52
466
-611
-454
-435
-81
437
-633
-449
-643
717
862
632
-851
816
934
852
734
669
5
591
-458
-506
457
615
-588
283
886
988
-985
-979
-489
-184
-742
-606
-69
438
481
320
159
353
330
64
838
-114
450
249
664
-984
311
224
-415
424
359
-857
-516
-794
-262
-67
-297
-456
194
-778
-192
752
895
-100
583
380
-943
733
640
193
602
-999
551
394
-449
-510
238
382
535
-219
121
199
-835
857
990
-853
-405
-741
-529
690
-518
-569
14
-204
605
380
-596
395
-788
-228
1000
399
-329
-723
-353
-205
-919
-752
338
-356
-630
-133
998
646
523
-16
460
47
622
121
779
-319
969
-29
-146
-290
-370
836
-954
-284
-283
-101
-158
536
383
426
559
906
-10
169
-824
-55
721
-751
-210
961
-137
-219
-344
641
-732
-261
-972
197
-185
251
-852
-179
-126
-694
408
-736
338
-196
183
-294
-180
-282
855
-508
268
-958
526
-382
-5
-91
798
288
404
-611
29
-752
-773
-57
800
900
505
-975
-187
-665
695
-531
-329
-617
869
-374
81
598
-876
-884
-746
-432
39
-229
-142
-728
-538
166
698
840
509
-553
-538
-934
-675
-403
-495
-31
226
-467
999
627
-129
-209
-120
-641
386
220
648
204
-932
-530
163
148
380
118
143
-45
-555
-931
-559
909
-187
-730
-369
381
-160
903
-511
-624
392
672
-8
-872
201
-121
110
-844
-167
270
284
729
-443
187
-382
-376
-582
647
299
-206
679
130
-966
592
-387
209
-71
-647
-420
460
-689
298
-387
130
-590
-7
829
632
796
-987
-983
-581
-822
126
838
-219
851
-461
-358
350
-93
-993
-575
324
-600
550
-326
-275
-146
-635
-983
570
124
-43
658
-316
171
-878
-434
-945
75
228
-732
-398
-364
-738
-180
881
175
728
504
-560
-382
670
-553
-168
-817
726
289
-43
254
-817
-96
10
-856
-284
970
939
-17
50
-829
733
769
675
-899
413
712
-571
671
372
727
-653
484
-689
937
780
-750
-34
-528
-805
413
-779
-937
-104
31
-88
-283
91
-243
-346
672
-302
131
-172
911
348
-303
-996
113
-455
291
771
128
-203
101
-629
-41
429
509
-575
-868
801
482
-879
-117
254
857
-80
923
518
791
461
-918
344
154
419
930
492
722
686
-694
-97
-324
720
-744
540
-545
791
332
-659
830
830
113
-796
-412
-577
-993
988
-196
21
29
-474
-263
-564
-30
-804
504
750
-685
773
781
636
809
-727
-913
28
372
-558
-185
371
-970
-665
857
927
-836
143
-845
-538
-941
603
-736
366
168
419
157
-950
-356
350
-270
-464
-850
227
-1
716
165
975
-788
715
-676
-443
-807
370
907
-79
-847
78
530
-388
813
-443
-48
277
-997
113
578
191
235
-266
-626
-646
373
504
-341
198
597
-645
333
-796
317
557
806
535
-308
-967
-242
-859
-399
-52
315
-12
833
970
-611
-827
-13
-130
-825
-7
12
700
-439
125
-129
-605
-179
567
843
-955
-383
481
-523
-970
259
-130
73
485
152
802
-607
-578
-443
435
-632
320
670
-927
180
-689
488
960
-914
411
263
703
355
984
-568
794
31
2
101
-310
-321
811
-301
-814
-211
-773
-349
-300
-803
-2
295
-704
26
-984
-766
-314
-569
-96
946
-103
-179
-311
-477
81
-694
668
-936
621
181
-623
644
716
-165
785
971
-796
-212
440
-471
36
556
-72
-332
753
990
-665
168
907
-231
-324
-938
-887
978
627
417
523
439
-295
538
-718
584
750
982
600
448
-211
-278
-809
-489
538
513
493
-180
775
-132
374
845
551
638
-888
971
200
-932
-643
-93
380
270
-409
933
-371
-754
142
79
281
746
477
975
-595
282
-166
-418
-870
-468
678
-120
-814
-491
-958
139
-782
960
-323
367
-440
176
-476
348
150
-179
-183
-931
-316
-228
-498
937
-789
-547
-226
-604
741
813
239
496
283
804
551
995
898
627
521
-300
-833
-122
-794
671
-729
180
80
-350
946
-933
-256
-25
261
925
-323
-666
376
365
450
-232
-576
-828
564
928
-191
74
-44
54
652
-626
230
921
-621
332
250
-151
750
882
-169
-669
845
110
-423
634
349
187
304
942
679
-311
-107
485
-665
156
685
674
-448
295
-269
-983
355
-893
-927
436
631
386
354
845
-941
-201
359
-636
502
-872
-907
-750
-967
673
329
219
204
-987
419
891
-166
-174
-483
-851
-53
330
44
776
-945
588
-705
580
-832
-651
-251
-417
-688
885
-106
865
83
-604
166
328
990
-296
-925
37
-363
29
-124
907
-595
583
291
764
729
73
-730
284
386
810
-282
-84
-777
-23
517
-672
-928
16
-571
-892
752
-437
574
-466
-436
-23
126
-791
-374
293
591
49
-214
635
-5
-911
-837
495
520
916
72
-421
-524
-863
185
448
-7
95
-405
28
-228
-390
-165
-769
39
-157
-594
811
-201
-457
-25
533
89
120
-664
561
741
836
-518
-738
-5
507
-762
-279
49
-936
355
-81
-365
721
230
584
-199
743
921
-269
-561
-468
914
791
994
991
-655
-349
757
-791
-796
-896
462
56
-578
447
905
735
-513
-555
-33
-375
-949
-241
540
945
382
208
901
270
-839
463
-651
495
-89
-319
723
600
941
411
-877
685
-85
600
-306
70
822
371
966
-346
736
-857
328
924
-287
-460
-295
-603
-345
973
-95
658
554
-780
-880
-489
109
-662
-215
-782
511
-271
721
-855
-266
64
-431
-198
-134
683
196
14
601
-752
904
-47
923
-41
-181
-996
999
509
300
929
697
782
-844
-135
300
996
149
-955
-514
52
56
580
-569
-905
-623
682
-698
889
-382
-94
531
-782
-665
273
330
760
713
-488
-715
-667
-914
-715
878
384
91
350
-198
840
949
992
-445
-589
-594
-595
-664
-598
-580
98
491
-811
-385
48
244
-164
-730
486
-214
214
-102
369
-344
-684
898
788
214
-161
55
-513
563
389
-733
722
27
-349
336
544
-72
964
-969
-766
-794
856
-833
132
458
562
625
482
594
515
-315
-118
410
-646
-55
-234
-150
917
-996
956
-264
717
-971
249
-232
-536
831
553
674
-72
-754
-105
-551
-497
365
550
81
-351
217
-469
660
586
441
722
961
-800
755
376
-174
105
771
615
-961
208
-182
-340
624
-123
731
-354
-130
377
581
155
828
-240
407
182
-184
-600
-254
182
-295
819
-215
614
153
950
156
-640
129
-135
-157
261
-966
473
-308
-743
-610
787
233
952
124
-151
41
798
-673
-148
57
-581
-779
-478
-538
-350
-10
590
-529
-601
-561
362
-23
217
-411
46
351
862
-515
695
186
-857
404
990
388
110
-634
-800
528
339
-228
-36
-261
-144
362
504
183
-462
423
-327
-605
-634
508
-522
-413
94
-981
761
-952
-266
-6
469
308
-412
-929
-572
849
71
280
-414
-325
-765
274
-199
212
-574
214
-10
486
267
-445
154
203
-449
639
-287
-951
-70
-660
-419
625
-36
-600
-360
25
472
566
649
-514
406
942
-348
-756
575
-961
-268
554
-966
-681
-34
15
808
-397
16
-439
588
270
-208
156
364
-514
27
-404
-977
-443
241
928
-417
-910
-711
510
232
998
182
-885
-742
-712
962
530
-202
-390
612
691
486
970
-554
-954
790
-634
718
320
-691
-658
-499
960
403
677
672
412
-598
356
-531
-647
374
331
-273
475
-430
-709
584
-185
-756
-386
-973
199
-400
-712
572
815
-553
997
451
797
-2
297
-237
-833
359
136
672
-598
-35
964
672
808
147
42
-162
412
539
-781
294
170
177
444
-687
-605
636
431
-812
-112
249
-218
863
190
503
678
-479
733
-529
65
-783
494
191
-860
646
743
-850
-123
284
-394
270
-892
406
-794
-129
-325
11
49
-310
-722
-13
409
-350
-76
-96
-434
-141
567
471
71
694
-1
723
-599
960
650
838
988
-50
77
771
-643
-642
-235
-500
-408
933
987
-976
-466
852
-703
-927
-611
-816
-147
-225
254
998
-632
-400
916
-469
-416
137
-339
902
994
292
52
866
761
-154
-360
467
523
403
-576
-54
-635
-92
-342
-842
206
-978
-435
675
95
963
346
-804
-922
753
481
-957
-828
44
-531
247
746
683
759
81
689
-991
853
601
372
449
209
-638
-565
-568
-185
466
-173
-394
-203
834
443
271
747
356
-853
672
448
-901
-475
282
-572
597
-587
635
484
-849
-614
-589
-977
-60
-792
-428
251
907
953
160
38
488
421
-754
219
-818
891
-214
-668
-899
148
-187
229
645
240
478
432
790
-273
802
849
-582
708
-3
-779
466
-181
-202
-480
266
-736
996
-198
-819
-786
-139
-369
-665
860
23
77
67
-485
274
-398
-467
588
359
-630
561
23
-291
-873
537
-735
-471
-53
713
577
389
708
595
659
266
-580
649
611
-397
-126
-483
624
951
-443
-409
315
781
700
791
-334
935
-143
677
-3
225
-789
830
-13
-182
743
-288
-507
530
94
-28
-974
503
-831
-429
144
-631
226
-767
-193
746
-525
-972
-784
-879
-552
-319
-259
-587
-57
-389
-560
-952
-315
853
709
-276
-878
-384
-324
882
531
955
286
-864
845
-47
-905
544
-82
-700
-734
185
490
572
-603
136
871
209
-888
-329
162
818
-719
389
-12
78
722
-638
691
162
680
-534
264
93
79
-718
75
-681
-138
484
-513
122
143
596
-500
-518
-993
-868
-152
-335
-611
466
-45
203
-913
-145
-395
-969
-88
170
820
341
-746
-332
77
-393
225
-979
-144
-421
-776
-392
-100
533
-618
-407
26
-255
-770
-85
-589
-381
137
948
809
-698
-866
929
62
-290
-102
923
-178
-252
859
-10
-409
237
644
-78
-942
-446
-782
-886
-707
-788
537
-832
896
-572
-347
312
13
266
248
597
4
-870
324
852
375
730
80
208
-921
-982
-988
343
248
-605
717
748
468
261
97
-690
-524
-462
130
995
327
-432
237
378
-423
-70
284
804
142
-220
-186
-441
-283
925
-734
789
-646
41
-19
-858
224
667
84
-951
924
-136
939
-417
400
-61
-964
567
608
78
-673
258
135
-705
-435
159
894
258
834
-180
876
-125
-153
459
-864
-413
907
-525
-654
-664
955
-600
-768
642
-243
-19
96
75
-304
-606
697
351
-126
-670
-716
-388
737
753
879
-552
-499
436
-815
377
636
295
769
-297
744
560
596
-934
474
796
793
-542
827
-600
-985
742
-813
-795
-179
773
266
-409
-385
45
274
474
-5
380
554
-740
-173
761
677
-706
-490
-478
67
-305
-44
18
-93
694
-658
-654
1
951
-169
-248
-758
928
-405
125
965
-897
904
-935
378
-293
-885
-775
262
657
-925
630
-879
-31
174
-355
-879
-406
-851
131
171
389
507
-770
-326
-401
468
-543
861
-246
-5
-189
881
-459
840
409
447
-614
534
755
-546
-802
-471
-340
-766
63
-963
922
-516
652
-271
554
231
426
126
-601
1
-45
-571
864
814
-636
32
293
561
43
213
-356
-239
770
397
-260
-234
99
-607
727
201
-166
417
979
606
400
475
-371
224
-901
347
-657
-394
-464
-520
-878
-857
-158
-770
24
611
-407
102
788
-151
325
137
-39
-990
46
95
-709
-939
369
777
-765
95
-574
-351
983
973
699
990
121
-233
-685
-526
-839
93
158
75
599
-380
369
35
-783
-196
-783
-260
-16
754
-728
833
-144
166
56
-791
706
419
-24
-801
-95
-822
953
776
-690
-364
-837
-616
293
592
-174
609
-34
-994
877
169
851
520
727
556
724
-732
168
-41
-277
-733
-274
400
318
231
-703
-574
-872
-260
978
-956
-746
552
-585
-367
971
77
559
791
-405
-542
537
360
672
-949
-467
557
-473
-866
-870
522
439
365
662
-776
-320
-387
762
796
-667
-831
444
-680
272
583
216
-357
390
89
-361
321
405
-528
-769
-732
-945
411
-355
-278
-282
-82
755
-821
-39
91
609
624
-169
-687
657
-932
-426
483
-642
-915
170
-424
-51
886
-868
-321
146
-188
838
-979
281
-287
412
479
590
-512
-429
-39
-367
-986
802
-971
647
-764
-175
-65
-795
-808
-444
-233
957
583
-851
467
432
-1
493
673
14
-423
-5
462
-861
502
324
-691
202
788
907
-367
-325
749
-555
-330
271
-507
-396
751
560
889
337
675
-598
709
219
699
85
634
-879
-186
-626
-269
-581
-246
461
-313
-419
814
-98
-968
-693
-817
307
-17
-329
665
933
-130
-764
414
526
314
-167
13
-481
111
458
168
-413
396
101
-769
-218
-109
-306
472
340
230
-745
532
197
-771
-947
178
304
-271
459
228
813
-968
-447
170
-564
145
473
746
357
442
-325
998
-264
923
876
803
-951
-570
341
124
-298
-95
197
-89
317
-832
142
-818
395
429
-546
218
-289
-797
131
-59
-977
-699
746
-834
-46
-216
428
763
-791
488
534
-891
530
740
466
1
-29
-757
-255
575
910
-819
889
-976
395
385
-582
189
869
245
-125
-401
35
104
-641
686
-322
285
282
619
-640
-212
-353
-597
-646
846
486
-867
645
896
589
104
-804
750
387
-411
216
-883
317
572
102
316
-553
798
-302
165
734
-672
-308
-343
-433
811
-608
464
347
-585
71
151
547
-74
-508
-555
-893
467
-450
859
755
14
-693
271
306
-801
-540
633
707
-809
-402
-73
350
-138
-124
-529
-558
160
-210
767
-998
-642
-377
950
443
896
-462
-969
12
-117
816
-579
556
-485
-822
401
-863
-887
163
-696
-304
747
-374
917
733
-463
333
-10
-106
295
-521
-666
-232
2
-864
354
84
-642
26
334
467
-673
572
19
915
-711
-499
138
877
-289
-861
573
757
-876
443
700
508
-230
-685
965
241
486
-82
-920
-368
-107
464
785
357
-427
597
977
118
-844
-460
-10
288
-687
-263
986
190
441
130
-590
949
-794
770
626
-137
504
-759
-265
417
-512
-913
-389
-366
-315
98
907
-355
574
-79
-710
390
-253
-612
211
67
-122
-619
909
-815
-896
-791
167
-17
409
415
-191
643
572
-516
-15
482
298
-392
666
273
-666
-732
-318
308
-989
702
230
789
-719
566
656
878
-41
-990
860
-650
812
961
184
757
16
167
577
-670
-387
58
-62
-460
-402
739
-980
937
-811
-42
-339
-861
-591
942
594
732
361
-921
383
627
67
923
451
219
-585
-475
920
-281
844
266
-17
-521
-35
-119
-648
968
655
461
503
446
-970
-43
888
986
-466
391
458
672
498
-46
367
-89
-38
-729
956
-51
372
118
-923
241
709
68
-578
698
287
-115
797
-732
-39
-210
-205
22
-798
-754
652
-240
-769
758
-317
-948
651
342
-374
255
27
485
244
-396
55
-226
-50
223
1
987
220
23
-37
-493
-472
-822
-946
983
-348
708
-684
990
60
355
861
691
-693
-702
73
-24
-525
809
-887
154
-728
-878
-206
642
848
731
-627
-577
78
336
-537
183
-594
780
-934
-452
466
-868
665
535
549
-711
-175
-169
445
-446
-542
420
-804
-432
-239
23
87
27
-670
-1
327
497
-797
377
-178
854
-783
-82
331
945
214
317
-237
623
884
-62
677
-741
239
708
-623
-920
19
364
-675
-366
875
-792
-560
635
-654
436
478
339
-238
-847
570
204
-959
-827
-546
286
581
-980
43
-632
-781
-367
834
-445
401
413
174
-559
142
847
-852
865
770
-448
-27
55
267
882
-568
-307
332
-889
37
782
533
-344
-595
668
591
-615
554
-700
-652
456
-980
-756
-246
-905
113
-698
919
-634
-795
-162
-730
-847
-245
-21
-170
962
-667
-990
-540
791
-674
631
129
327
390
-861
4
-929
-205
637
23
-653
-498
-237
-373
-161
978
-300
896
682
46
-447
805
795
800
31
-642
-332
-775
891
45
417
498
-502
-49
-894
-331
-718
-185
997
-683
-809
-58
547
325
408
946
536
777
-657
-226
966
834
-511
-992
-394
951
165
-911
-803
-525
-71
71
-946
857
-231
116
938
-346
-46
-485
169
167
-547
-235
992
-131
-232
-984
566
407
-162
656
28
62
243
-390
-761
-662
237
-284
-965
-871
711
-260
-276
-104
-840
-613
339
219
-636
686
-964
-740
-29
-905
804
-119
551
-384
467
-62
-545
781
254
770
-141
973
487
-41
-224
53
288
273
854
54
-644
-587
-562
381
733
656
805
-657
6
723
-814
941
647
-601
302
892
-496
773
670
-570
-266
-501
-198
-515
-622
-150
485
428
511
-613
-950
87
632
988
-741
-171
-162
-17
254
972
802
-788
523
228
815
862
173
-146
-369
432
405
711
-909
-584
230
790
98
970
172
15
-114
511
-724
348
432
-545
314
936
-950
-246
-174
-833
-295
996
781
-344
847
-176
-71
-992
-648
-365
245
-948
-97
-114
560
-759
-545
101
-705
-21
-543
-738
215
260
657
136
-912
-486
-394
-595
-295
912
409
-723
710
-7
967
629
185
424
533
-868
395
-635
1
732
559
-818
597
-743
8
692
-460
8
-332
-790
-561
204
935
-207
898
-338
606
690
173
403
-77
425
-61
-310
-166
-405
-483
804
-484
281
355
-897
126
266
-13
-341
947
-764
801
-656
446
604
-391
966
-355
-598
-281
-788
-229
-366
-768
-556
516
-218
-260
573
684
658
651
-849
-112
-994
382
-394
-453
-543
605
469
657
-438
253
338
-212
-802
-3
-638
19
-532
-311
515
-995
-375
-96
-62
528
-14
581
490
-478
-396
463
974
373
412
-462
919
-377
915
860
481
-240
-545
-571
-803
813
-641
622
335
538
195
-221
792
540
-4
-230
888
-232
112
-493
442
-276
-628
-477
449
820
-13
497
74
596
-354
162
-514
701
-877
374
756
227
-124
-594
864
-56
616
429
97
-608
225
-573
-975
-814
-478
-722
976
756
-839
-123
525
-748
-674
-786
-467
703
-910
-830
315
369
825
301
353
205
4
-953
-554
-861
-303
-472
654
-200
151
-609
293
-825
275
-921
418
204
-807
-470
568
936
813
-569
787
748
624
-835
303
913
-453
-386
134
-256
226
-588
910
94
650
-627
-412
610
448
764
-780
325
-65
-41
928
236
-750
710
-947
-643
66
-574
835
-396
287
241
721
-163
-180
965
-29
749
-909
-447
539
258
-749
-52
35
-854
972
-421
914
-385
-542
-651
-921
708
-327
938
63
-61
-211
491
913
-141
113
531
-278
-899
-305
-952
-747
-626
-644
134
-69
-502
917
158
682
-220
616
-701
-58
341
119
-363
649
696
-440
-74
178
364
-10
-349
416
-293
-35
-539
486
384
-803
-100
-500
-43
-537
984
-503
119
836
274
-772
-290
-701
729
29
-275
-629
-596
430
444
936
576
981
-524
-166
-607
500
-961
514
-233
990
26
355
766
601
126
-820
317
421
536
2
-125
412
441
-402
-205
-733
-245
688
998
-735
-197
-431
996
263
689
190
-908
-846
634
208
770
-32
-327
19
-621
-990
301
898
-774
-772
-427
599
390
431
856
245
835
-369
843
-501
407
835
-698
960
967
-423
569
-97
616
845
-940
-806
117
666
408
-284
-488
360
-684
-38
-475
-900
76
-351
-801
-522
-756
-44
-57
-725
310
-63
-886
547
455
-619
-313
-705
669
226
439
935
-427
-630
933
-660
831
-117
-970
-662
-142
257
-326
-440
-92
856
590
-286
-499
363
338
531
992
240
114
-933
252
-120
892
721
-265
234
509
-203
-679
712
-542
415
853
665
124
104
-789
-949
675
935
-110
-669
-265
304
-984
-5
-184
849
153
238
-821
-368
559
-953
80
-888
499
622
176
-189
-817
-895
280
-880
-186
-61
-981
-516
-127
813
981
388
289
66
-969
499
-565
279
-764
434
725
-20
277
-973
-649
-416
811
373
849
571
370
382
860
490
446
644
995
948
343
740
363
880
-946
181
-79
-546
379
-413
-465
600
-665
220
-385
839
777
-989
58
26
-517
-720
525
456
299
635
60
-452
440
-209
-7
11
-147
436
-879
696
475
189
-812
-653
-598
137
729
-49
304
-774
-55
37
-905
943
260
320
745
-508
915
429
-136
-410
-875
-155
166
-742
113
145
-41
-340
-780
-823
82
-497
-457
153
2
297
-861
-552
34
365
-990
176
-885
229
-746
40
233
-376
417
568
-866
382
433
815
559
-202
492
792
739
152
676
985
218
-337
-453
-541
-184
-48
-741
-816
636
-547
-552
-340
-373
-352
67
302
59
-359
-302
-320
-256
-357
-77
-24
-683
996
-564
-348
-459
-80
991
194
-433
28
-351
-678
-472
555
-432
-651
-785
890
508
-672
566
-453
131
-570
-18
-485
186
195
-603
-980
425
254
-815
-377
-711
-98
-213
-330
-332
-241
-119
625
478
373
26
804
708
301
-859
252
725
-439
-151
-647
234
-953
-634
54
-216
-425
969
562
757
-998
-259
-81
218
621
-715
-102
-720
-2
-383
-608
-105
747
-892
-466
607
-176
-393
499
26
299
-491
89
-949
490
391
257
-984
-840
601
974
-313
-326
56
763
-329
-22
-479
16
822
842
-858
565
840
862
525
823
871
-704
-239
-97
476
-639
490
597
-923
-407
981
777
79
625
-225
179
-640
965
-432
-419
-306
356
-518
-140
62
154
7
-142
-685
966
-144
667
14
-639
416
939
-878
-955
897
2
48
479
519
-779
-152
638
-806
731
-168
-946
470
-425
556
-999
635
892
132
694
751
651
-164
-656
-186
493
206
534
-14
-215
991
-84
531
669
658
893
189
668
438
-725
-334
395
-65
-782
113
274
-529
86
486
-779
500
-508
-904
523
-910
209
111
639
791
-834
766
-109
-599
-696
345
798
668
903
-607
589
-643
994
-162
621
-237
142
-570
981
648
-184
570
861
581
603
-556
964
-683
-246
939
550
858
-283
338
-946
381
624
-467
-619
-679
114
289
154
424
885
-567
242
826
-440
163
551
624
-595
-888
544
539
-152
-272
125
-184
-205
-515
-57
407
190
-755
14
757
-290
368
-704
837
539
488
-225
644
-70
-218
661
782
-857
-359
997
776
-148
667
81
450
836
-119
-670
447
257
-590
-329
-173
-917
906
294
452
612
854
-158
-261
-483
-64
954
-704
-608
-742
221
-702
-735
116
458
-323
108
851
-474
974
-949
673
-24
865
-7
-716
580
186
102
-395
280
184
-407
-875
-539
-549
542
817
-392
-452
-214
-389
-815
-628
790
875
-660
389
-883
556
-172
580
258
646
25
519
-557
-506
-438
-74
-832
214
-940
13
-189
937
897
542
-374
685
-735
910
-465
485
839
-171
648
-425
57
-940
376
-666
-137
-888
550
-329
-163
613
29
285
919
852
-821
-349
879
253
82
576
-849
-879
-713
-384
387
-658
-820
701
-730
331
-983
986
78
-178
630
-408
-629
-844
-755
-756
-605
-301
-167
779
15
133
21
145
-672
316
221
-351
-11
247
186
-504
-345
493
-872
-114
773
-299
7
432
432
-371
120
593
-320
-857
-305
441
748
-727
-518
-948
-416
-334
-400
211
-691
1
-313
-992
-839
-136
-878
-546
820
175
626
862
-578
-869
949
9
-196
-433
-777
-57
686
-820
515
-346
696
-582
379
-232
-938
474
178
94
751
573
107
-448
222
-495
617
-360
804
-633
431
-715
-14
838
965
714
259
-537
319
952
-429
-549
946
974
-291
968
-930
57
-933
56
563
0
